chr20:24403628-31520961	3990000	4000000	ag07107_mmu_cen20_h2v1-chm1_cen20v1	0.393	0.393	0.393	0.008551293532
chr20:24403628-31520961	3670000	3680000	ag07107_mmu_cen20_h2v1-chm1_cen20v1	0.394	0.393	0.394	0.003942412381
chr20:24403628-31520961	6640000	6650000	ag07107_mmu_cen20_h2v1-chm1_cen20v1,ag07107_mmu_cen20_h2v1-chr20,ag07107_mmu_cen20_h2v1-hg00733_cen20_h1v1	0.408	0.411	0.409	0.09697445193
chr20:24403628-31520961	5130000	5140000	ag07107_mmu_cen20_h2v1-hg00733_cen20_h2v1	0.371	0.366	0.368	0.05127482188
chr20:24403628-31520961	4890000	4900000	ag07107_mmu_cen20_h2v1-chm1_cen20v1,ag07107_mmu_cen20_h2v1-hg00733_cen20_h1v1	0.382	0.3815	0.382	0.04653412712
chr20:24403628-31520961	3930000	3940000	ag07107_mmu_cen20_h2v1-chm1_cen20v1	0.393	0.393	0.393	0.002604713593
chr20:24403628-31520961	3640000	3650000	ag07107_mmu_cen20_h2v1-chm1_cen20v1	0.393	0.393	0.393	0.011804707
chr20:24403628-31520961	5890000	5900000	ag07107_mmu_cen20_h2v1-chm1_cen20v1,ag07107_mmu_cen20_h2v1-chr20,ag07107_mmu_cen20_h2v1-hg00733_cen20_h1v1,ag07107_mmu_cen20_h2v1-hg00733_cen20_h2v1	0.3595	0.366	0.3625	0.0803318074
chr20:24403628-31520961	4780000	4790000	ag07107_mmu_cen20_h2v1-chm1_cen20v1,ag07107_mmu_cen20_h2v1-hg00733_cen20_h1v1	0.3815	0.385	0.3835	0.03266243116
chr20:24403628-31520961	5980000	5990000	ag07107_mmu_cen20_h2v1-hg00733_cen20_h1v1	0.449	0.38	0.414	0.05048257468
chr20:24403628-31520961	4990000	5000000	ag07107_mmu_cen20_h2v1-chm1_cen20v1,ag07107_mmu_cen20_h2v1-hg00733_cen20_h1v1	0.381	0.383	0.3825	0.01844692992
chr20:24403628-31520961	5030000	5040000	ag07107_mmu_cen20_h2v1-chm1_cen20v1,ag07107_mmu_cen20_h2v1-hg00733_cen20_h1v1	0.382	0.381	0.382	0.009161660517
chr20:24403628-31520961	3730000	3740000	ag07107_mmu_cen20_h2v1-chm1_cen20v1	0.394	0.393	0.394	0.01147722211
chr20:24403628-31520961	3680000	3690000	ag07107_mmu_cen20_h2v1-chm1_cen20v1	0.393	0.393	0.393	0.004391538906
chr20:24403628-31520961	3950000	3960000	ag07107_mmu_cen20_h2v1-chm1_cen20v1	0.392	0.393	0.393	0.002905732731
chr20:24403628-31520961	3580000	3590000	ag07107_mmu_cen20_h2v1-chm1_cen20v1	0.394	0.393	0.394	0.004613874751
chr20:24403628-31520961	4090000	4100000	ag07107_mmu_cen20_h2v1-chm1_cen20v1	0.391	0.393	0.392	0.007748875869
chr20:24403628-31520961	3920000	3930000	ag07107_mmu_cen20_h2v1-chm1_cen20v1	0.392	0.392	0.392	0.003198445061
chr20:24403628-31520961	3800000	3810000	ag07107_mmu_cen20_h2v1-chm1_cen20v1	0.392	0.393	0.393	0.003408398568
chr20:24403628-31520961	3460000	3470000	ag07107_mmu_cen20_h2v1-chm1_cen20v1	0.393	0.392	0.393	0.005017138198
chr20:24403628-31520961	3810000	3820000	ag07107_mmu_cen20_h2v1-chm1_cen20v1	0.393	0.393	0.393	0.003669727849
chr20:24403628-31520961	3830000	3840000	ag07107_mmu_cen20_h2v1-chm1_cen20v1	0.393	0.393	0.393	0.03306503497
chr20:24403628-31520961	3890000	3900000	ag07107_mmu_cen20_h2v1-chm1_cen20v1	0.393	0.392	0.393	0.009705400633
chr20:24403628-31520961	4060000	4070000	ag07107_mmu_cen20_h2v1-chm1_cen20v1	0.392	0.392	0.392	0.009841950548
chr20:24403628-31520961	3540000	3550000	ag07107_mmu_cen20_h2v1-chm1_cen20v1	0.392	0.393	0.393	0.02307458751
chr20:24403628-31520961	5050000	5060000	ag07107_mmu_cen20_h2v1-chm1_cen20v1	0.382	0.38	0.381	0.009158801806
chr20:24403628-31520961	3900000	3910000	ag07107_mmu_cen20_h2v1-chm1_cen20v1	0.393	0.393	0.393	0.03241468378
chr20:24403628-31520961	4010000	4020000	ag07107_mmu_cen20_h2v1-chm1_cen20v1	0.393	0.393	0.393	0.003659544327
chr20:24403628-31520961	3390000	3400000	ag07107_mmu_cen20_h2v1-chm1_cen20v1	0.393	0.392	0.393	0.01507473027
chr20:24403628-31520961	4770000	4780000	ag07107_mmu_cen20_h2v1-chm1_cen20v1,ag07107_mmu_cen20_h2v1-hg00733_cen20_h1v1	0.38	0.3845	0.3825	0.04535229373
chr20:24403628-31520961	3420000	3430000	ag07107_mmu_cen20_h2v1-chm1_cen20v1	0.393	0.392	0.393	0.007538412126
chr20:24403628-31520961	3740000	3750000	ag07107_mmu_cen20_h2v1-chm1_cen20v1	0.393	0.393	0.393	0.004450319016
chr20:24403628-31520961	3840000	3850000	ag07107_mmu_cen20_h2v1-chm1_cen20v1	0.393	0.393	0.393	0.002404681738
chr20:24403628-31520961	4880000	4890000	ag07107_mmu_cen20_h2v1-chm1_cen20v1,ag07107_mmu_cen20_h2v1-hg00733_cen20_h1v1	0.3825	0.382	0.3825	0.03079226389
chr20:24403628-31520961	3610000	3620000	ag07107_mmu_cen20_h2v1-chm1_cen20v1	0.393	0.393	0.393	0.007928794094
chr20:24403628-31520961	3510000	3520000	ag07107_mmu_cen20_h2v1-chm1_cen20v1	0.392	0.393	0.393	0.004514012395
chr20:24403628-31520961	3400000	3410000	ag07107_mmu_cen20_h2v1-chm1_cen20v1	0.393	0.392	0.393	0.03691259787
chr20:24403628-31520961	5500000	5510000	ag07107_mmu_cen20_h2v1-hg00733_cen20_h2v1	0.364	0.357	0.36	0.2046229385
chr20:24403628-31520961	5150000	5160000	ag07107_mmu_cen20_h2v1-hg00733_cen20_h2v1	0.397	0.394	0.396	0.0534126847
chr20:24403628-31520961	4820000	4830000	ag07107_mmu_cen20_h2v1-chm1_cen20v1,ag07107_mmu_cen20_h2v1-hg00733_cen20_h1v1	0.3815	0.379	0.3805	0.04666504907
chr20:24403628-31520961	2440000	2450000	ag07107_mmu_cen20_h2v1-hg00733_cen20_h2v1	0.411	0.395	0.403	0.08301121475
chr20:24403628-31520961	3710000	3720000	ag07107_mmu_cen20_h2v1-chm1_cen20v1	0.393	0.393	0.393	0.003669184531
chr20:24403628-31520961	6420000	6430000	ag07107_mmu_cen20_h2v1-hg00733_cen20_h2v1	0.365	0.367	0.366	0.2209063383
chr20:24403628-31520961	3470000	3480000	ag07107_mmu_cen20_h2v1-chm1_cen20v1	0.393	0.391	0.392	0.005243773286
chr20:24403628-31520961	5200000	5210000	ag07107_mmu_cen20_h2v1-chm1_cen20v1,ag07107_mmu_cen20_h2v1-hg00733_cen20_h2v1	0.421	0.4075	0.414	0.0555630745
chr20:24403628-31520961	4050000	4060000	ag07107_mmu_cen20_h2v1-chm1_cen20v1	0.392	0.393	0.393	0.007945781872
chr20:24403628-31520961	3430000	3440000	ag07107_mmu_cen20_h2v1-chm1_cen20v1	0.393	0.391	0.392	0.009301211413
chr20:24403628-31520961	4790000	4800000	ag07107_mmu_cen20_h2v1-chm1_cen20v1,ag07107_mmu_cen20_h2v1-hg00733_cen20_h1v1	0.38	0.381	0.381	0.06579126335
chr20:24403628-31520961	3790000	3800000	ag07107_mmu_cen20_h2v1-chm1_cen20v1	0.393	0.393	0.393	0.004082779204
chr20:24403628-31520961	3850000	3860000	ag07107_mmu_cen20_h2v1-chm1_cen20v1	0.393	0.393	0.393	0.00370947744
chr20:24403628-31520961	5060000	5070000	ag07107_mmu_cen20_h2v1-chm1_cen20v1	0.381	0.38	0.381	0.01067845188
chr20:24403628-31520961	4020000	4030000	ag07107_mmu_cen20_h2v1-chm1_cen20v1	0.393	0.393	0.393	0.02945356018
chr20:24403628-31520961	3650000	3660000	ag07107_mmu_cen20_h2v1-chm1_cen20v1	0.393	0.393	0.393	0.02410738552
chr20:24403628-31520961	5170000	5180000	ag07107_mmu_cen20_h2v1-chm1_cen20v1,ag07107_mmu_cen20_h2v1-hg00733_cen20_h2v1	0.337	0.336	0.337	0.04634682068
chr20:24403628-31520961	3600000	3610000	ag07107_mmu_cen20_h2v1-chm1_cen20v1	0.393	0.393	0.393	0.003857029066
chr20:24403628-31520961	1620000	1630000	ag07107_mmu_cen20_h2v1-hg00733_cen20_h2v1	0.436	0.436	0.436	0.0002002180372
chr20:24403628-31520961	5140000	5150000	ag07107_mmu_cen20_h2v1-hg00733_cen20_h2v1	0.36	0.352	0.356	0.05099190088
chr20:24403628-31520961	4800000	4810000	ag07107_mmu_cen20_h2v1-chm1_cen20v1,ag07107_mmu_cen20_h2v1-hg00733_cen20_h1v1	0.381	0.3795	0.3805	0.06873745705
chr20:24403628-31520961	4910000	4920000	ag07107_mmu_cen20_h2v1-chm1_cen20v1,ag07107_mmu_cen20_h2v1-hg00733_cen20_h1v1	0.3825	0.381	0.382	0.02961027046
chr20:24403628-31520961	3480000	3490000	ag07107_mmu_cen20_h2v1-chm1_cen20v1	0.393	0.392	0.393	0.006042739696
chr20:24403628-31520961	5990000	6000000	ag07107_mmu_cen20_h2v1-chm1_cen20v1,ag07107_mmu_cen20_h2v1-chr20,ag07107_mmu_cen20_h2v1-hg00733_cen20_h2v1	0.346	0.346	0.346	0.08579898982
chr20:24403628-31520961	3630000	3640000	ag07107_mmu_cen20_h2v1-chm1_cen20v1	0.394	0.394	0.394	0.05995065348
chr20:24403628-31520961	4850000	4860000	ag07107_mmu_cen20_h2v1-chm1_cen20v1,ag07107_mmu_cen20_h2v1-hg00733_cen20_h1v1	0.3805	0.38	0.3805	0.04714515232
chr20:24403628-31520961	4940000	4950000	ag07107_mmu_cen20_h2v1-chm1_cen20v1,ag07107_mmu_cen20_h2v1-hg00733_cen20_h1v1	0.382	0.383	0.383	0.02922199816
chr20:24403628-31520961	3370000	3380000	ag07107_mmu_cen20_h2v1-chm1_cen20v1	0.393	0.392	0.393	0.006523531886
chr20:24403628-31520961	3440000	3450000	ag07107_mmu_cen20_h2v1-chm1_cen20v1	0.392	0.391	0.392	0.008268796649
chr20:24403628-31520961	3770000	3780000	ag07107_mmu_cen20_h2v1-chm1_cen20v1	0.393	0.392	0.393	0.002833553405
chr20:24403628-31520961	5210000	5220000	ag07107_mmu_cen20_h2v1-chm1_cen20v1,ag07107_mmu_cen20_h2v1-hg00733_cen20_h2v1	0.5015	0.496	0.4985	0.05904578739
chr20:24403628-31520961	5020000	5030000	ag07107_mmu_cen20_h2v1-chm1_cen20v1,ag07107_mmu_cen20_h2v1-hg00733_cen20_h1v1	0.3835	0.382	0.383	0.01251623999
chr20:24403628-31520961	3570000	3580000	ag07107_mmu_cen20_h2v1-chm1_cen20v1	0.392	0.393	0.393	0.004313790693
chr20:24403628-31520961	4980000	4990000	ag07107_mmu_cen20_h2v1-chm1_cen20v1,ag07107_mmu_cen20_h2v1-hg00733_cen20_h1v1	0.3815	0.3845	0.383	0.030192097
chr20:24403628-31520961	3750000	3760000	ag07107_mmu_cen20_h2v1-chm1_cen20v1	0.393	0.393	0.393	0.003945570132
chr20:24403628-31520961	3550000	3560000	ag07107_mmu_cen20_h2v1-chm1_cen20v1	0.393	0.393	0.393	0.08164363845
chr20:24403628-31520961	3760000	3770000	ag07107_mmu_cen20_h2v1-chm1_cen20v1	0.394	0.393	0.394	0.003207610876
chr20:24403628-31520961	3620000	3630000	ag07107_mmu_cen20_h2v1-chm1_cen20v1	0.393	0.393	0.393	0.003941675309
chr20:24403628-31520961	1630000	1640000	ag07107_mmu_cen20_h2v1-hg00733_cen20_h2v1	0.395	0.395	0.395	0.000200222051
chr20:24403628-31520961	3780000	3790000	ag07107_mmu_cen20_h2v1-chm1_cen20v1	0.394	0.394	0.394	0.002905788642
chr20:24403628-31520961	4000000	4010000	ag07107_mmu_cen20_h2v1-chm1_cen20v1	0.394	0.392	0.393	0.003810742106
chr20:24403628-31520961	5010000	5020000	ag07107_mmu_cen20_h2v1-chm1_cen20v1,ag07107_mmu_cen20_h2v1-hg00733_cen20_h1v1	0.3815	0.3815	0.3815	0.01184806849
chr20:24403628-31520961	3660000	3670000	ag07107_mmu_cen20_h2v1-chm1_cen20v1	0.393	0.393	0.393	0.004257868804
chr20:24403628-31520961	3410000	3420000	ag07107_mmu_cen20_h2v1-chm1_cen20v1	0.393	0.393	0.393	0.006452992699
chr20:24403628-31520961	3880000	3890000	ag07107_mmu_cen20_h2v1-chm1_cen20v1	0.392	0.392	0.392	0.003153428253
chr20:24403628-31520961	3500000	3510000	ag07107_mmu_cen20_h2v1-chm1_cen20v1	0.393	0.393	0.393	0.00602595674
chr20:24403628-31520961	3490000	3500000	ag07107_mmu_cen20_h2v1-chm1_cen20v1	0.393	0.393	0.393	0.005723244715
chr20:24403628-31520961	3720000	3730000	ag07107_mmu_cen20_h2v1-chm1_cen20v1	0.393	0.393	0.393	0.003975874327
chr20:24403628-31520961	3380000	3390000	ag07107_mmu_cen20_h2v1-chm1_cen20v1	0.392	0.393	0.393	0.00798423837
chr20:24403628-31520961	3860000	3870000	ag07107_mmu_cen20_h2v1-chm1_cen20v1	0.394	0.393	0.394	0.003709951242
chr20:24403628-31520961	4840000	4850000	ag07107_mmu_cen20_h2v1-chm1_cen20v1,ag07107_mmu_cen20_h2v1-hg00733_cen20_h1v1	0.3815	0.381	0.3815	0.02992414623
chr20:24403628-31520961	5000000	5010000	ag07107_mmu_cen20_h2v1-chm1_cen20v1,ag07107_mmu_cen20_h2v1-hg00733_cen20_h1v1	0.3825	0.3815	0.3825	0.01117782548
chr20:24403628-31520961	4860000	4870000	ag07107_mmu_cen20_h2v1-chm1_cen20v1,ag07107_mmu_cen20_h2v1-hg00733_cen20_h1v1	0.383	0.381	0.382	0.04357492345
chr20:24403628-31520961	3970000	3980000	ag07107_mmu_cen20_h2v1-chm1_cen20v1	0.393	0.393	0.393	0.002705291646
chr20:24403628-31520961	3520000	3530000	ag07107_mmu_cen20_h2v1-chm1_cen20v1	0.393	0.393	0.393	0.002905240679
chr20:24403628-31520961	5040000	5050000	ag07107_mmu_cen20_h2v1-chm1_cen20v1,ag07107_mmu_cen20_h2v1-hg00733_cen20_h1v1	0.3815	0.381	0.3815	0.01077996678
chr20:24403628-31520961	4900000	4910000	ag07107_mmu_cen20_h2v1-chm1_cen20v1,ag07107_mmu_cen20_h2v1-hg00733_cen20_h1v1	0.3815	0.38	0.381	0.03055993589
chr20:24403628-31520961	3910000	3920000	ag07107_mmu_cen20_h2v1-chm1_cen20v1	0.394	0.393	0.394	0.003910337198
chr20:24403628-31520961	4870000	4880000	ag07107_mmu_cen20_h2v1-chm1_cen20v1,ag07107_mmu_cen20_h2v1-hg00733_cen20_h1v1	0.3825	0.381	0.382	0.03039979446
chr20:24403628-31520961	4740000	4750000	ag07107_mmu_cen20_h2v1-chm1_cen20v1	0.383	0.384	0.384	0.01639204842
chr20:24403628-31520961	4760000	4770000	ag07107_mmu_cen20_h2v1-chm1_cen20v1,ag07107_mmu_cen20_h2v1-hg00733_cen20_h1v1	0.379	0.384	0.382	0.05775605425
chr20:24403628-31520961	3820000	3830000	ag07107_mmu_cen20_h2v1-chm1_cen20v1	0.393	0.393	0.393	0.005621553111
chr20:24403628-31520961	4970000	4980000	ag07107_mmu_cen20_h2v1-chm1_cen20v1,ag07107_mmu_cen20_h2v1-hg00733_cen20_h1v1	0.381	0.384	0.383	0.03231567335
chr20:24403628-31520961	4950000	4960000	ag07107_mmu_cen20_h2v1-chm1_cen20v1,ag07107_mmu_cen20_h2v1-hg00733_cen20_h1v1	0.381	0.3805	0.381	0.03319724235
chr20:24403628-31520961	6610000	6620000	ag07107_mmu_cen20_h2v1-chm1_cen20v1,ag07107_mmu_cen20_h2v1-chr20,ag07107_mmu_cen20_h2v1-hg00733_cen20_h1v1	0.3733333333	0.386	0.38	0.09868028127
chr20:24403628-31520961	3450000	3460000	ag07107_mmu_cen20_h2v1-chm1_cen20v1	0.393	0.392	0.393	0.006428172056
chr20:24403628-31520961	4040000	4050000	ag07107_mmu_cen20_h2v1-chm1_cen20v1	0.394	0.394	0.394	0.00486331338
chr20:24403628-31520961	3690000	3700000	ag07107_mmu_cen20_h2v1-chm1_cen20v1	0.393	0.393	0.393	0.002904608408
chr20:24403628-31520961	4930000	4940000	ag07107_mmu_cen20_h2v1-chm1_cen20v1,ag07107_mmu_cen20_h2v1-hg00733_cen20_h1v1	0.383	0.383	0.3835	0.03033011063
chr20:24403628-31520961	3960000	3970000	ag07107_mmu_cen20_h2v1-chm1_cen20v1	0.393	0.393	0.393	0.009426051925
chr20:24403628-31520961	4830000	4840000	ag07107_mmu_cen20_h2v1-chm1_cen20v1,ag07107_mmu_cen20_h2v1-hg00733_cen20_h1v1	0.382	0.3815	0.382	0.0287211116
chr20:24403628-31520961	3980000	3990000	ag07107_mmu_cen20_h2v1-chm1_cen20v1	0.393	0.393	0.393	0.002203436573
chr20:24403628-31520961	3870000	3880000	ag07107_mmu_cen20_h2v1-chm1_cen20v1	0.393	0.394	0.394	0.004315073951
chr20:24403628-31520961	3700000	3710000	ag07107_mmu_cen20_h2v1-chm1_cen20v1	0.394	0.393	0.394	0.00356416298
chr20:24403628-31520961	3530000	3540000	ag07107_mmu_cen20_h2v1-chm1_cen20v1	0.392	0.393	0.393	0.003913908057
chr20:24403628-31520961	3940000	3950000	ag07107_mmu_cen20_h2v1-chm1_cen20v1	0.394	0.393	0.394	0.006554972619
chr20:24403628-31520961	3560000	3570000	ag07107_mmu_cen20_h2v1-chm1_cen20v1	0.393	0.393	0.393	0.003910767101
chr20:24403628-31520961	4030000	4040000	ag07107_mmu_cen20_h2v1-chm1_cen20v1	0.392	0.393	0.393	0.005017493475
chr20:24403628-31520961	5160000	5170000	ag07107_mmu_cen20_h2v1-hg00733_cen20_h2v1	0.358	0.357	0.357	0.04886136757
chr20:24403628-31520961	4810000	4820000	ag07107_mmu_cen20_h2v1-chm1_cen20v1,ag07107_mmu_cen20_h2v1-hg00733_cen20_h1v1	0.381	0.379	0.3805	0.05493161352
chr20:24403628-31520961	1640000	1650000	ag07107_mmu_cen20_h2v1-hg00733_cen20_h2v1	0.412	0.412	0.412	0
chr20:24403628-31520961	5960000	5970000	ag07107_mmu_cen20_h2v1-hg00733_cen20_h1v1	0.409	0.405	0.407	0.05941484015
chr20:24403628-31520961	5950000	5960000	ag07107_mmu_cen20_h2v1-hg00733_cen20_h1v1	0.512	0.507	0.51	0.05985269395
chr20:24403628-31520961	4920000	4930000	ag07107_mmu_cen20_h2v1-chm1_cen20v1,ag07107_mmu_cen20_h2v1-hg00733_cen20_h1v1	0.384	0.383	0.3835	0.0376997631
chr20:24403628-31520961	4070000	4080000	ag07107_mmu_cen20_h2v1-chm1_cen20v1	0.391	0.393	0.392	0.00943445647
chr20:24403628-31520961	4750000	4760000	ag07107_mmu_cen20_h2v1-chm1_cen20v1	0.379	0.384	0.382	0.02722040611
chr20:24403628-31520961	3590000	3600000	ag07107_mmu_cen20_h2v1-chm1_cen20v1	0.393	0.395	0.394	0.008852638919
chr20:24403628-31520961	2430000	2440000	ag07107_mmu_cen20_h2v1-hg00733_cen20_h2v1	0.409	0.396	0.402	0.05840873207
chr20:24403628-31520961	4080000	4090000	ag07107_mmu_cen20_h2v1-chm1_cen20v1	0.392	0.393	0.393	0.01584294841
chr20:24403628-31520961	4960000	4970000	ag07107_mmu_cen20_h2v1-chm1_cen20v1,ag07107_mmu_cen20_h2v1-hg00733_cen20_h1v1	0.382	0.3805	0.3815	0.03271294732
chr20:24403628-31520961	5970000	5980000	ag07107_mmu_cen20_h2v1-hg00733_cen20_h1v1	0.416	0.411	0.413	0.05287987077
